10 0.297297
1004 0.116667
1005 0.35514
1006 0.256757
1009 0.31746
1011 0.199405
1012 0.324742
1013 0.065217
1014 0.195734
1015 0.180556
1016 0.049495
1019 0.020378
1020 0.023
1021 0.06194
1022 0.0155
1025 0.2175
1026 0.303226
1036 0.008892
1038 0.163206
1040 0.007919
1041 0.1609
1043 0.184787
1044 0.525878
1045 0.062069
1046 0.171695
1048 0.401084
1049 0.108368
1050 0.102367
1054 0.267081
1055 0.247191
1056 0.007184
1059 0.066116
1060 0.126984
1061 0.186916
1062 0.222222
1063 0.168582
1064 0.138614
1065 0.093886
1066 0.268966
1067 0.149834
1068 0.069432
1069 0.004115
1071 0.076923
1073 0.339416
1075 0.084615
1077 0.438095
1078 0.457143
1079 0.736842
1080 0.557522
1081 0.539326
1082 0.434783
1083 0.691589
1084 0.418182
1085 0.402516
1086 0.137809
1087 0.137809
1088 0.603133
11 0.1808
1100 0.483264
1104 0.208333
1106 0.6
1107 0.366667
1110 0.001616
1113 0.005174
1115 0.556291
1116 0.049106
1117 0.469136
1120 0.215615
1121 0.02381
1122 0.033898
1123 0.079012
1124 0.233831
1125 0.10274
1126 0.13835
1127 0.130641
1128 0.069903
1129 0.070312
1130 0.064078
1131 0.07772
1132 0.197044
1133 0.086455
1135 0.042254
1136 0.176
1137 0.051282
1138 0.078964
1139 0.050485
1140 0.17284
1141 0.092308
1142 0.040129
1143 0.101928
1144 0.030395
1145 0.08254
1146 0.014887
1147 0.065282
1148 0.100427
1149 0.050218
1150 0.142553
1151 0.282609
1152 0.041199
1153 0.128099
1154 0.176471
1155 0.071795
1156 0.283636
1157 0.071651
1158 0.051325
1159 0.239382
1160 0.114634
1161 0.060194
1162 0.276398
1163 0.085492
1164 0.335135
1165 0.095941
1166 0.120388
1169 0.404922
12 0.248
1216 0.044615
1217 0.044688
1218 0.166684
1233 0.744974
1235 0.327957
1236 4e-06
1237 0.110812
1238 5e-06
1241 0.055319
1242 0.1474
14 0.3775
1412 0.163717
1413 0.306667
1441 0.130081
1442 0.106719
1443 0.077156
1444 0.121764
1449 0.106719
1451 0.085106
1453 0.12442
1454 0.11454
1455 0.075
1457 0.562
1459 0.701214
1460 0.436792
1464 0.223262
1467 0.085185
1470 0.42
1471 0.449666
1472 0.841146
1473 0.12
1475 0.55018
1481 0.752923
1482 0.838235
1483 0.605957
1486 0.069491
1487 0.063141
1488 0.251282
1489 0.247779
1496 0.240946
1498 0.305195
150 0.295116
151 0.251876
153 0.09261
154 0.452621
155 0.435208
156 0.544263
157 0.527927
158 0.524143
159 0.699903
16 0.09
160 0.695191
161 0.158368
162 0.158388
18 0.4375
180 0.366781
181 0.59973
182 0.192224
183 0.783816
184 0.748253
187 0.269663
189 0.13623
197 0.834229
20 0.0895
209 0.443067
21 0.251736
22 0.346
223 0.910526
227 0.838501
23 0.541073
26 0.118673
273 0.361581
275 0.422535
276 0.337838
277 0.405405
278 0.283784
279 0.185457
28 0.068505
285 0.603093
287 0.529321
292 0.144928
293 0.260845
294 0.322145
298 0.059662
3 0.110763
30 0.058652
300 0.140439
307 0.658586
31 0.272
310 0.019762
312 0.078106
313 0.870056
32 0.138009
329 0.575
333 0.334532
334 0.342762
335 0.245487
336 0.164794
337 0.283668
338 0.6
339 0.638889
343 0.396825
346 0.46
351 0.051228
354 0.500222
357 0.146862
36 0.178355
37 0.329427
375 0.119667
377 0.525
383 0.17971
384 0.193452
385 0.090615
386 0.324206
387 0.2343
388 0.303922
389 0.233455
39 0.39881
390 0.240113
391 0.269947
392 0.218345
393 0.138862
394 0.270153
395 0.293301
396 0.148252
397 0.297125
398 0.242308
399 0.265185
40 0.375
400 0.127563
401 0.270476
41 0.584112
43 0.264706
44 0.08998
444 0.409091
446 0.505
448 0.341667
450 0.060606
457 0.518519
458 0.042806
459 0.301205
46 0.126019
461 0.21
462 0.391304
463 0.138889
464 0.228
465 0.247423
467 0.230769
468 0.583333
469 0.803011
472 0.356322
475 0.705
476 0.16
477 0.402985
478 0.694
479 0.206522
48 0.562914
480 0.360656
50 0.343424
53 0.251852
54 0.64539
554 0.098314
59 0.185185
6 0.45945
60 0.1562
61 0.386667
62 0.168317
679 0.610352
682 0.413793
683 0.5
685 0.746154
694 0.8
713 0.365385
714 0.4
715 0.349
716 0.48
717 0.218504
718 0.399
719 0.321168
720 0.255207
721 0.165
722 0.125267
723 0.381
724 0.444444
725 0.070435
726 0.33
727 0.16302
728 0.239882
729 0.386364
730 0.34
731 0.427083
732 0.292
733 0.095694
734 0.142545
735 0.091797
736 0.333333
737 0.287416
740 0.344
741 0.426758
742 0.384
743 0.357
744 0.304
745 0.320755
746 0.4
747 0.233533
748 0.257669
749 0.348
750 0.458
751 0.347
752 0.365234
753 0.479381
754 0.21
755 0.403226
756 0.257862
758 0.179104
759 0.272727
761 0.080322
762 0.28
763 0.212
764 0.122222
765 0.134737
766 0.402
767 0.128421
768 0.45
769 0.356
770 0.4208
771 0.407407
772 0.443067
773 0.216
774 0.457704
775 0.31
776 0.228
777 0.234043
778 0.484127
779 0.358
780 0.411765
782 0.1
783 0.43
784 0.407143
785 0.4
787 0.5
788 0.397849
789 0.36
790 0.381818
791 0.395349
792 0.302
793 0.392
794 0.316
795 0.486405
796 0.086124
797 0.377
799 0.166
8 0.672464
800 0.27027
801 0.464865
803 0.060317
804 0.3
805 0.402
806 0.357
807 0.271484
808 0.24
811 0.382576
812 0.37
813 0.366
814 0.457265
815 0.346154
816 0.176758
817 0.5
818 0.23871
819 0.120836
820 0.191489
821 0.203871
822 0.209399
823 0.08939
824 0.316
825 0.199605
826 0.413194
827 0.490937
828 0.36
829 0.33
830 0.256
832 0.408
833 0.202881
834 0.424
835 0.25
836 0.382353
837 0.37
838 0.372
841 0.290526
843 0.178239
845 0.175
846 0.135129
847 0.177365
848 0.263158
849 0.212
850 0.33
851 0.3125
853 0.252964
855 0.36
857 0.275
859 0.135135
860 0.218421
862 0.482759
863 0.396
864 0.466667
865 0.08
866 0.297
867 0.192308
868 0.31
869 0.216
870 0.324
871 0.497141
872 0.256917
873 0.416
874 0.3
875 0.19
876 0.4
877 0.352
878 0.37
879 0.332
880 0.133803
881 0.015257
882 0.366667
884 0.178
885 0.114504
886 0.468
888 0.222
891 0.387097
892 0.3
893 0.465753
894 0.045455
895 0.198198
896 0.356
900 0.4175
901 0.170379
902 0.380952
903 0.264
904 0.206
905 0.25641
906 0.4875
907 0.4625
908 0.455
909 0.475
910 0.329
911 0.244
912 0.208
913 0.291
914 0.234883
915 0.425397
916 0.35
917 0.357
918 0.444
919 0.45
920 0.31
921 0.166667
922 0.29
923 0.020252
924 0.238462
925 0.071207
926 0.24
927 0.452381
928 0.282609
929 0.371429
931 0.47281
932 0.4
933 0.364
934 0.102941
935 0.316
936 0.372
937 0.4
938 0.309524
941 0.216931
942 0.4
943 0.176
945 0.381579
946 0.409091
947 0.0322
948 0.444444
949 0.143113
950 0.026834
951 0.014311
952 0.570093
953 0.130094
954 0.103578
955 0.337748
956 0.330189
958 0.019913
959 0.002006
962 0.005
964 0.361111
965 0.029703
969 0.046667
970 0.034483
971 0.0135
973 0.280899
974 0.378788
976 0.045377
977 0.0315
978 0.034
979 0.1622
980 0.017794
983 0.369993
987 0.132
988 0.373134
991 0.172454
994 0.258865
995 0.022
996 0.359813
997 0.1344
mediamill 0.166425
rcv1 0.044581
scene 0.006606
tmc 0.166086
yeast 0.255333
